Obliczenia wykonane na siatce o nazwie - Test2_4_4_MixGrid.txt
Poprawnie otworzono plik.
500
50
25
300
1200
100
7800
700
8 16
9 9
x = 0.1   Y = 0.005,  status = 0
x = 0.0546918   Y = 0.005,  status = 0
x = 0.0226541   Y = 0.005,  status = 0
x = 0   Y = 0.005,  status = 0
x = 0.1   Y = -0.0403082,  status = 0
x = 0.0623899   Y = -0.0326101,  status = 0
x = 0.0303522   Y = -0.0253522,  status = 0
x = 0   Y = -0.0176541,  status = 0
x = 0.1   Y = -0.0723459,  status = 0
x = 0.0696478   Y = -0.0646478,  status = 0
x = 0.0376101   Y = -0.0573899,  status = 0
x = 0   Y = -0.0496918,  status = 0
x = 0.1   Y = -0.095,  status = 0
x = 0.0773459   Y = -0.095,  status = 0
x = 0.0453082   Y = -0.095,  status = 0
x = 0   Y = -0.095,  status = 0
ID[1,2,6,5]
ID[2,3,7,6]
ID[3,4,8,7]
ID[5,6,10,9]
ID[6,7,11,10]
ID[7,8,12,11]
ID[9,10,14,13]
ID[10,11,15,14]
ID[11,12,16,15]
Temperature results
H dla elementu - 1
26.824 -1.13431 -10.963 -1.13431
-1.13431 19.1817 -5.14961 -6.10152
-10.963 -5.14961 21.2622 -5.14961
-1.13431 -6.10152 -5.14961 19.1817
BC 16310.9 8155.47 0 8155.47

H dla elementu - 2
24.1622 -3.58878 -13.2722 -2.49555
-3.58878 17.3418 -4.44553 -4.50181
-13.2722 -4.44553 23.3769 -5.65921
-2.49555 -4.50181 -5.65921 12.6566
BC 5766.79 5766.79 0 0

H dla elementu - 3
23.3933 -4.35854 -12.3674 -3.26933
-4.35854 20.7445 -4.35854 -5.23115
-12.3674 -4.35854 23.3933 -3.26933
-3.26933 -5.23115 -3.26933 11.7698
BC 4077.74 8155.47 4077.74 0

H dla elementu - 4
24.1622 -2.49555 -13.2722 -3.58878
-2.49555 12.6566 -5.65921 -4.50181
-13.2722 -5.65921 23.3769 -4.44552
-3.58878 -4.50181 -4.44552 17.3418
BC 5766.79 0 0 5766.79

H dla elementu - 5
24.4398 -4.61748 -15.2049 -4.61748
-4.61748 12.5 -4.61748 -3.26505
-15.2049 -4.61748 24.4398 -4.61748
-4.61748 -3.26505 -4.61748 12.5
BC 0 0 0 0

H dla elementu - 6
23.3769 -4.44553 -13.2722 -5.65921
-4.44553 17.3418 -3.58878 -4.50181
-13.2722 -3.58878 24.1622 -2.49555
-5.65921 -4.50181 -2.49555 12.6566
BC 0 5766.79 5766.79 0

H dla elementu - 7
23.3933 -3.26933 -12.3674 -4.35854
-3.26933 11.7698 -3.26933 -5.23115
-12.3674 -3.26933 23.3933 -4.35854
-4.35854 -5.23115 -4.35854 20.7445
BC 4077.74 0 4077.74 8155.47

H dla elementu - 8
23.3769 -5.65921 -13.2722 -4.44553
-5.65921 12.6566 -2.49555 -4.50181
-13.2722 -2.49555 24.1622 -3.58878
-4.44553 -4.50181 -3.58878 17.3418
BC 0 0 5766.79 5766.79

H dla elementu - 9
21.2622 -5.14961 -10.963 -5.14961
-5.14961 19.1817 -1.13431 -6.10152
-10.963 -1.13431 26.824 -1.13431
-5.14961 -6.10152 -1.13431 19.1817
BC 0 8155.47 16310.9 8155.47

26.824 -1.13431 0 0 -1.13431 -10.963 0 0 0 0 0 0 0 0 0 0
-1.13431 43.3438 -3.58878 0 -6.10152 -7.64516 -13.2722 0 0 0 0 0 0 0 0 0
0 -3.58878 40.7351 -4.35854 0 -4.50181 -7.71486 -12.3674 0 0 0 0 0 0 0 0
0 0 -4.35854 20.7445 0 0 -5.23115 -4.35854 0 0 0 0 0 0 0 0
-1.13431 -6.10152 0 0 43.3438 -7.64516 0 0 -3.58878 -13.2722 0 0 0 0 0 0
-10.963 -7.64516 -4.50181 0 -7.64516 71.0151 -10.2767 0 -4.50181 -10.2767 -15.2049 0 0 0 0 0
0 -13.2722 -7.71486 -5.23115 0 -10.2767 71.0237 -7.71486 0 -3.26505 -10.2767 -13.2722 0 0 0 0
0 0 -12.3674 -4.35854 0 0 -7.71486 40.7351 0 0 -4.50181 -3.58878 0 0 0 0
0 0 0 0 -3.58878 -4.50181 0 0 40.7351 -7.71486 0 0 -4.35854 -12.3674 0 0
0 0 0 0 -13.2722 -10.2767 -3.26505 0 -7.71486 71.0237 -10.2767 0 -5.23115 -7.71486 -13.2722 0
0 0 0 0 0 -15.2049 -10.2767 -4.50181 0 -10.2767 71.0151 -7.64516 0 -4.50181 -7.64516 -10.963
0 0 0 0 0 0 -13.2722 -3.58878 0 0 -7.64516 43.3438 0 0 -6.10152 -1.13431
0 0 0 0 0 0 0 0 -4.35854 -5.23115 0 0 20.7445 -4.35854 0 0
0 0 0 0 0 0 0 0 -12.3674 -7.71486 -4.50181 0 -4.35854 40.7351 -3.58878 0
0 0 0 0 0 0 0 0 0 -13.2722 -7.64516 -6.10152 0 -3.58878 43.3438 -1.13431
0 0 0 0 0 0 0 0 0 0 -10.963 -1.13431 0 0 -1.13431 26.824
BC 16310.9 13922.3 9844.53 8155.47 13922.3 0 0 9844.53 9844.53 0 0 13922.3 8155.47 9844.53 13922.3 16310.9


