Obliczenia wykonane na siatce o nazwie - Test1_4_4.txt
Poprawnie otworzono plik.
500
50
25
300
1200
100
7800
700
8 16
9 9
x = 0.1   Y = 0.005,  status = 0
x = 0.0666667   Y = 0.005,  status = 0
x = 0.0333333   Y = 0.005,  status = 0
x = 0   Y = 0.005,  status = 0
x = 0.1   Y = -0.0283333,  status = 0
x = 0.0666667   Y = -0.0283333,  status = 0
x = 0.0333333   Y = -0.0283333,  status = 0
x = 0   Y = -0.0283333,  status = 0
x = 0.1   Y = -0.0616667,  status = 0
x = 0.0666667   Y = -0.0616667,  status = 0
x = 0.0333333   Y = -0.0616667,  status = 0
x = 0   Y = -0.0616667,  status = 0
x = 0.1   Y = -0.095,  status = 0
x = 0.0666667   Y = -0.095,  status = 0
x = 0.0333333   Y = -0.095,  status = 0
x = 0   Y = -0.095,  status = 0
ID[1,2,6,5]
ID[2,3,7,6]
ID[3,4,8,7]
ID[5,6,10,9]
ID[6,7,11,10]
ID[7,8,12,11]
ID[9,10,14,13]
ID[10,11,15,14]
ID[11,12,16,15]

H globalna
16.667 -4.1667 0 0 -4.1667 -8.3333 0 0 0 0 0 0 0 0 0 0
-4.1667 33.333 -4.1667 0 -8.3333 -8.3333 -8.3333 0 0 0 0 0 0 0 0 0
0 -4.1667 33.333 -4.1667 0 -8.3333 -8.3333 -8.3333 0 0 0 0 0 0 0 0
0 0 -4.1667 16.667 0 0 -8.3333 -4.1667 0 0 0 0 0 0 0 0
-4.1667 -8.3333 0 0 33.333 -8.3333 0 0 -4.1667 -8.3333 0 0 0 0 0 0
-8.3333 -8.3333 -8.3333 0 -8.3333 66.667 -8.3333 0 -8.3333 -8.3333 -8.3333 0 0 0 0 0
0 -8.3333 -8.3333 -8.3333 0 -8.3333 66.667 -8.3333 0 -8.3333 -8.3333 -8.3333 0 0 0 0
0 0 -8.3333 -4.1667 0 0 -8.3333 33.333 0 0 -8.3333 -4.1667 0 0 0 0
0 0 0 0 -4.1667 -8.3333 0 0 33.333 -8.3333 0 0 -4.1667 -8.3333 0 0
0 0 0 0 -8.3333 -8.3333 -8.3333 0 -8.3333 66.667 -8.3333 0 -8.3333 -8.3333 -8.3333 0
0 0 0 0 0 -8.3333 -8.3333 -8.3333 0 -8.3333 66.667 -8.3333 0 -8.3333 -8.3333 -8.3333
0 0 0 0 0 0 -8.3333 -4.1667 0 0 -8.3333 33.333 0 0 -8.3333 -4.1667
0 0 0 0 0 0 0 0 -4.1667 -8.3333 0 0 16.667 -4.1667 0 0
0 0 0 0 0 0 0 0 -8.3333 -8.3333 -8.3333 0 -4.1667 33.333 -4.1667 0
0 0 0 0 0 0 0 0 0 -8.3333 -8.3333 -8.3333 0 -4.1667 33.333 -4.1667
0 0 0 0 0 0 0 0 0 0 -8.3333 -4.1667 0 0 -4.1667 16.667